85.5857162	19.3899994	4.4139104	1.6638259	12676.0000000	24.0000000	0.7580645	-100.0000000	-100.0000000	-100.0000000	-100.0000000	-100.0000000	-100.0000000	-100.0000000	-100.0000000
75.7857132	18.7549992	4.0408273	1.7366422	12484.0000000	24.0000000	0.9000000	-100.0000000	-100.0000000	-100.0000000	-100.0000000	-100.0000000	-100.0000000	-100.0000000	-100.0000000
90.3285751	21.6949997	4.1635666	1.7220322	12529.0000000	24.0000000	1.0967742	-100.0000000	-100.0000000	-100.0000000	-100.0000000	-100.0000000	-100.0000000	-100.0000000	-100.0000000
85.3571396	20.7900009	4.1056824	1.7652351	12162.0000000	16.0000000	1.1111112	42.0000000	1.8148148	-100.0000000	-100.0000000	-100.0000000	-100.0000000	-100.0000000	-100.0000000
82.1428604	20.3050003	4.0454497	1.6989610	12448.0000000	27.0000000	1.0000000	46.0000000	1.6808511	-100.0000000	-100.0000000	-100.0000000	-100.0000000	-100.0000000	-100.0000000
90.7428589	19.9150009	4.5565081	1.7148209	12503.0000000	22.0000000	1.0000000	-100.0000000	-100.0000000	-100.0000000	-100.0000000	-100.0000000	-100.0000000	-100.0000000	-100.0000000
104.8142853	14.8599997	7.0534515	1.6173387	12893.0000000	17.0000000	0.8684211	-100.0000000	-100.0000000	-100.0000000	-100.0000000	-100.0000000	-100.0000000	-100.0000000	-100.0000000
101.1142883	18.8250008	5.3712769	1.6924345	12498.0000000	17.0000000	0.8965517	41.0000000	2.6206896	-100.0000000	-100.0000000	-100.0000000	-100.0000000	-100.0000000	-100.0000000
78.5000000	18.3899994	4.2686243	1.7527542	12455.0000000	26.0000000	1.3333334	49.0000000	3.4444444	-100.0000000	-100.0000000	-100.0000000	-100.0000000	-100.0000000	-100.0000000
78.1428604	18.6800003	4.1832366	1.7593431	12311.0000000	24.0000000	0.9629630	48.0000000	1.1111112	-100.0000000	-100.0000000	-100.0000000	-100.0000000	-100.0000000	-100.0000000
89.5999985	21.5650005	4.1548805	1.6967900	12507.0000000	24.0000000	0.9555556	63.0000000	1.6888889	-100.0000000	-100.0000000	-100.0000000	-100.0000000	-100.0000000	-100.0000000
87.1714249	20.6000004	4.2316227	1.7053177	12534.0000000	27.0000000	0.6000000	-100.0000000	-100.0000000	-100.0000000	-100.0000000	-100.0000000	-100.0000000	-100.0000000	-100.0000000
109.9571457	20.2000008	5.4434228	1.7242399	12500.0000000	31.0000000	1.1142857	-100.0000000	-100.0000000	-100.0000000	-100.0000000	-100.0000000	-100.0000000	-100.0000000	-100.0000000
98.1999969	21.8799992	4.4881172	1.7399130	12295.0000000	18.0000000	0.8750000	40.0000000	2.0416667	-100.0000000	-100.0000000	-100.0000000	-100.0000000	-100.0000000	-100.0000000
78.9000015	21.1550007	3.7296147	1.7365972	12408.0000000	28.0000000	0.8214286	46.0000000	1.5714285	-100.0000000	-100.0000000	-100.0000000	-100.0000000	-100.0000000	-100.0000000
101.7571411	21.2849998	4.7806973	1.7363895	12478.0000000	31.0000000	1.0000000	-100.0000000	-100.0000000	-100.0000000	-100.0000000	-100.0000000	-100.0000000	-100.0000000	-100.0000000
91.3571396	20.6049995	4.4337363	1.7238705	12364.0000000	25.0000000	0.6363636	-100.0000000	-100.0000000	-100.0000000	-100.0000000	-100.0000000	-100.0000000	-100.0000000	-100.0000000
102.0714264	23.5849991	4.3278112	1.7851263	11940.0000000	30.0000000	0.9743590	-100.0000000	-100.0000000	-100.0000000	-100.0000000	-100.0000000	-100.0000000	-100.0000000	-100.0000000
94.9571457	17.9549999	5.2886186	1.7115406	12613.0000000	23.0000000	1.3030303	-100.0000000	-100.0000000	-100.0000000	-100.0000000	-100.0000000	-100.0000000	-100.0000000	-100.0000000
89.1142883	27.0000000	3.3005292	1.7318858	12256.0000000	28.0000000	1.4642857	-100.0000000	-100.0000000	-100.0000000	-100.0000000	-100.0000000	-100.0000000	-100.0000000	-100.0000000
90.0000000	18.4899998	4.8674960	1.7616513	12414.0000000	28.0000000	1.0000000	51.0000000	1.6153846	-100.0000000	-100.0000000	-100.0000000	-100.0000000	-100.0000000	-100.0000000
93.9857178	19.6700001	4.7781248	1.7546473	12423.0000000	29.0000000	0.8461539	68.0000000	1.4615384	-100.0000000	-100.0000000	-100.0000000	-100.0000000	-100.0000000	-100.0000000
101.4571457	22.8850002	4.4333467	1.7204694	12307.0000000	28.0000000	1.0000000	-100.0000000	-100.0000000	-100.0000000	-100.0000000	-100.0000000	-100.0000000	-100.0000000	-100.0000000
100.4285736	23.6450005	4.2473493	1.7190044	12415.0000000	26.0000000	1.1818181	-100.0000000	-100.0000000	-100.0000000	-100.0000000	-100.0000000	-100.0000000	-100.0000000	-100.0000000
91.6285706	18.7399998	4.8894649	1.7304370	12340.0000000	26.0000000	1.6538461	-100.0000000	-100.0000000	-100.0000000	-100.0000000	-100.0000000	-100.0000000	-100.0000000	-100.0000000
