72.9571457	31.4549999	2.3194134	1.6694536	12158.0000000	18.0000000	2.0714285	52.0000000	5.5000000	97.0000000	2.5000000	-100.0000000	-100.0000000	-100.0000000	-100.0000000
67.0714264	26.7150002	2.5106280	1.7170424	12245.0000000	20.0000000	0.8571429	50.0000000	0.8571429	72.0000000	2.5714285	88.0000000	1.2857143	-100.0000000	-100.0000000
68.1714249	32.4399986	2.1014621	1.7396821	11779.0000000	21.0000000	1.0000000	57.0000000	6.3571429	94.0000000	1.0000000	-100.0000000	-100.0000000	-100.0000000	-100.0000000
77.2142868	30.9650002	2.4935987	1.7456672	11782.0000000	16.0000000	1.3750000	49.0000000	4.1250000	92.0000000	2.6250000	-100.0000000	-100.0000000	-100.0000000	-100.0000000
62.2285728	31.3400002	1.9855958	1.7064463	11979.0000000	20.0000000	1.0555556	54.0000000	3.4444444	97.0000000	0.7222222	-100.0000000	-100.0000000	-100.0000000	-100.0000000
81.0142822	32.5950012	2.4854817	1.7543893	11667.0000000	20.0000000	0.5454546	51.0000000	2.0000000	91.0000000	1.0909091	-100.0000000	-100.0000000	-100.0000000	-100.0000000
79.9142838	30.9150009	2.5849679	1.7015538	12059.0000000	15.0000000	0.9000000	46.0000000	2.9500000	93.0000000	0.8500000	-100.0000000	-100.0000000	-100.0000000	-100.0000000
69.9285736	26.7299995	2.6161082	1.7375845	12171.0000000	35.0000000	1.5000000	56.0000000	2.5000000	71.0000000	1.0000000	-100.0000000	-100.0000000	-100.0000000	-100.0000000
68.1428604	30.5900002	2.2276189	1.7417593	11894.0000000	18.0000000	0.9090909	54.0000000	2.6363637	89.0000000	1.6363636	-100.0000000	-100.0000000	-100.0000000	-100.0000000
100.3000031	30.8700008	3.2491093	1.7044082	11971.0000000	21.0000000	4.2500000	56.0000000	0.7916667	62.0000000	1.0416666	-100.0000000	-100.0000000	-100.0000000	-100.0000000
65.6142883	26.6749992	2.4597671	1.6577669	12325.0000000	17.0000000	0.9310345	48.0000000	2.4482758	87.0000000	0.9655172	-100.0000000	-100.0000000	-100.0000000	-100.0000000
69.2142868	31.8999996	2.1697268	1.6777010	12082.0000000	19.0000000	1.1363636	52.0000000	3.1363637	95.0000000	1.0909091	-100.0000000	-100.0000000	-100.0000000	-100.0000000
80.8000031	33.8849983	2.3845360	1.7285192	11875.0000000	18.0000000	0.8235294	50.0000000	4.2941175	92.0000000	0.8823529	-100.0000000	-100.0000000	-100.0000000	-100.0000000
72.4142838	33.5649986	2.1574345	1.7161456	11837.0000000	15.0000000	1.1250000	96.0000000	1.6250000	-100.0000000	-100.0000000	-100.0000000	-100.0000000	-100.0000000	-100.0000000
69.8428574	27.3250008	2.5560057	1.7089555	12087.0000000	20.0000000	1.0000000	54.0000000	2.6500001	85.0000000	1.0500000	-100.0000000	-100.0000000	-100.0000000	-100.0000000
66.3000031	31.0000000	2.1387098	1.7211318	11945.0000000	18.0000000	0.8571429	54.0000000	3.9285715	83.0000000	0.9285714	96.0000000	0.8571429	-100.0000000	-100.0000000
75.5000000	31.6399994	2.3862200	1.7090155	11928.0000000	19.0000000	1.4545455	55.0000000	6.2727275	90.0000000	1.6363636	-100.0000000	-100.0000000	-100.0000000	-100.0000000
86.5571442	26.3999996	3.2786798	1.6129032	12513.0000000	17.0000000	1.0888889	48.0000000	2.4000001	78.0000000	1.1333333	-100.0000000	-100.0000000	-100.0000000	-100.0000000
87.3571396	27.7800007	3.1446054	1.7193257	11837.0000000	5.0000000	0.8000000	13.0000000	0.3600000	21.0000000	0.4000000	25.0000000	1.1600000	47.0000000	4.0000000
78.6714249	30.2700005	2.5989900	1.7124872	12004.0000000	7.0000000	2.4761906	19.0000000	0.9523810	56.0000000	2.7142856	94.0000000	0.8095238	-100.0000000	-100.0000000
71.6285706	30.2299995	2.3694532	1.7182235	11993.0000000	19.0000000	1.1666666	54.0000000	3.4444444	84.0000000	1.1111112	89.0000000	0.9444444	-100.0000000	-100.0000000
63.5142860	29.1049995	2.1822467	1.7191520	12041.0000000	15.0000000	1.0000000	49.0000000	3.8571429	88.0000000	0.7142857	-100.0000000	-100.0000000	-100.0000000	-100.0000000
73.9428558	29.0599995	2.5444891	1.6920151	12199.0000000	22.0000000	0.4074074	57.0000000	1.7777778	96.0000000	0.7037037	-100.0000000	-100.0000000	-100.0000000	-100.0000000
79.4571457	30.6000004	2.5966387	1.7139652	12024.0000000	19.0000000	0.8571429	56.0000000	3.5238094	87.0000000	1.0952381	-100.0000000	-100.0000000	-100.0000000	-100.0000000
74.8714294	25.8549995	2.8958201	1.5946980	12484.0000000	16.0000000	0.9333333	47.0000000	2.6222222	82.0000000	0.9111111	-100.0000000	-100.0000000	-100.0000000	-100.0000000
