88.7285690	27.0550003	3.2795627	1.7367249	11895.0000000	16.0000000	1.3000000	34.0000000	2.9500000	75.0000000	4.3000002	95.0000000	2.0999999	-100.0000000	-100.0000000
70.8428574	28.8449993	2.4559841	1.7445703	11982.0000000	40.0000000	1.3333334	64.0000000	2.6666667	79.0000000	1.6666666	99.0000000	2.1666667	-100.0000000	-100.0000000
79.7142868	29.0799999	2.7412066	1.7020812	11971.0000000	15.0000000	0.7058824	45.0000000	1.5882353	86.0000000	2.2352941	-100.0000000	-100.0000000	-100.0000000	-100.0000000
88.4857178	33.3750000	2.6512575	1.7271318	11733.0000000	23.0000000	1.1428572	108.0000000	4.8095236	-100.0000000	-100.0000000	-100.0000000	-100.0000000	-100.0000000	-100.0000000
80.5428543	36.7900009	2.1892593	1.6926624	11839.0000000	38.0000000	5.8750000	82.0000000	6.3750000	-100.0000000	-100.0000000	-100.0000000	-100.0000000	-100.0000000	-100.0000000
70.2571411	31.1000004	2.2590721	1.7112312	12138.0000000	18.0000000	1.1666666	46.0000000	1.1666666	82.0000000	3.1666667	94.0000000	2.0000000	-100.0000000	-100.0000000
68.5571442	29.7700005	2.3028936	1.7271379	12127.0000000	6.0000000	1.0000000	21.0000000	1.1428572	62.0000000	1.1428572	89.0000000	2.5714285	106.0000000	1.0000000
83.8857117	35.9799995	2.3314540	1.7207285	11778.0000000	18.0000000	1.2380953	55.0000000	3.6190476	104.0000000	3.4761906	-100.0000000	-100.0000000	-100.0000000	-100.0000000
64.8428574	26.1849995	2.4763360	1.7380608	12073.0000000	18.0000000	1.4285715	54.0000000	0.8571429	80.0000000	2.4285715	98.0000000	1.2857143	-100.0000000	-100.0000000
78.3142853	33.5250015	2.3359964	1.7469254	11517.0000000	16.0000000	1.0000000	58.0000000	2.9473684	89.0000000	1.0000000	101.0000000	4.2105265	126.0000000	2.7894738
89.2428589	32.7999992	2.7208190	1.6864995	12030.0000000	7.0000000	0.8260869	13.0000000	0.9565217	41.0000000	3.4347825	85.0000000	3.2608695	-100.0000000	-100.0000000
83.3142853	31.4300003	2.6507885	1.7047850	11986.0000000	21.0000000	0.4347826	50.0000000	3.1739130	77.0000000	0.2608696	101.0000000	1.0869565	-100.0000000	-100.0000000
94.4571457	27.5149994	3.4329329	1.7407596	11868.0000000	17.0000000	0.7857143	45.0000000	2.6428571	84.0000000	2.5714285	100.0000000	1.2857143	-100.0000000	-100.0000000
83.3428574	32.2249985	2.5862796	1.6854380	12035.0000000	11.0000000	0.7826087	59.0000000	2.7391305	96.0000000	2.7391305	-100.0000000	-100.0000000	-100.0000000	-100.0000000
66.7285690	30.3199997	2.2008104	1.6674544	12073.0000000	15.0000000	1.2692307	26.0000000	0.5384616	47.0000000	3.5384614	102.0000000	3.1923077	-100.0000000	-100.0000000
75.4142838	30.6100006	2.4637139	1.7329943	11732.0000000	21.0000000	1.2105263	52.0000000	3.0000000	104.0000000	2.2105262	-100.0000000	-100.0000000	-100.0000000	-100.0000000
97.7285690	28.4349995	3.4369113	1.7641732	11774.0000000	14.0000000	0.8965517	43.0000000	2.7931035	92.0000000	2.6206896	110.0000000	0.8275862	-100.0000000	-100.0000000
90.8142853	32.6800003	2.7788949	1.6690825	12006.0000000	10.0000000	0.6000000	55.0000000	3.8800001	99.0000000	2.5999999	-100.0000000	-100.0000000	-100.0000000	-100.0000000
74.2142868	27.5450001	2.6942925	1.7310842	11945.0000000	14.0000000	1.5000000	51.0000000	6.8750000	80.0000000	1.2500000	98.0000000	5.2500000	-100.0000000	-100.0000000
78.9857178	27.8549995	2.8356030	1.5884477	12338.0000000	19.0000000	1.0192307	51.0000000	2.5192308	90.0000000	2.5769231	-100.0000000	-100.0000000	-100.0000000	-100.0000000
66.1999969	32.4199982	2.0419495	1.7531955	11657.0000000	22.0000000	0.7058824	31.0000000	1.4117647	55.0000000	4.0000000	91.0000000	0.8823529	102.0000000	2.1764705
63.0142860	25.9200001	2.4311068	1.7059140	12131.0000000	18.0000000	0.6000000	54.0000000	4.2666669	101.0000000	2.4666667	-100.0000000	-100.0000000	-100.0000000	-100.0000000
79.2428589	31.6499996	2.5037239	1.7089320	11896.0000000	22.0000000	1.0588236	51.0000000	4.2352943	103.0000000	3.2352941	-100.0000000	-100.0000000	-100.0000000	-100.0000000
