74.1285706	25.1450005	2.9480441	1.5849981	12497.0000000	16.0000000	1.1702127	46.0000000	2.9361701	106.0000000	1.1489362	-100.0000000	-100.0000000	-100.0000000	-100.0000000
66.9857178	27.7099991	2.4173844	1.6904385	12199.0000000	37.0000000	3.1052632	104.0000000	1.0526316	-100.0000000	-100.0000000	-100.0000000	-100.0000000	-100.0000000	-100.0000000
68.3714294	24.0849991	2.8387558	1.7417102	12406.0000000	20.0000000	0.6666667	59.0000000	0.6666667	100.0000000	1.7777778	-100.0000000	-100.0000000	-100.0000000	-100.0000000
64.4000015	28.0100002	2.2991788	1.6512413	12347.0000000	5.0000000	0.5000000	21.0000000	0.7894737	60.0000000	2.4736843	125.0000000	0.5263158	-100.0000000	-100.0000000
92.5428543	25.7749996	3.5904114	1.7241107	12143.0000000	15.0000000	1.2400000	45.0000000	3.9200001	108.0000000	0.7600000	-100.0000000	-100.0000000	-100.0000000	-100.0000000
75.6428604	26.2749996	2.8788910	1.6723362	12215.0000000	15.0000000	1.0000000	52.0000000	6.7142859	71.0000000	4.7142859	119.0000000	1.5714285	-100.0000000	-100.0000000
79.8428574	24.8500004	3.2129922	1.7114021	12348.0000000	20.0000000	0.9473684	53.0000000	3.0526316	110.0000000	0.6842105	-100.0000000	-100.0000000	-100.0000000	-100.0000000
83.2857132	27.8600006	2.9894369	1.6621058	12290.0000000	18.0000000	1.0625000	52.0000000	6.1250000	125.0000000	1.3125000	-100.0000000	-100.0000000	-100.0000000	-100.0000000
73.4142838	29.6000004	2.4802122	1.7147200	11905.0000000	24.0000000	0.8260869	55.0000000	3.1739130	132.0000000	1.0000000	-100.0000000	-100.0000000	-100.0000000	-100.0000000
71.7857132	25.0300007	2.8679869	1.7194555	12102.0000000	17.0000000	1.6666666	45.0000000	10.4444447	104.0000000	1.7777778	-100.0000000	-100.0000000	-100.0000000	-100.0000000
63.2285728	28.0249996	2.2561488	1.7299409	12028.0000000	18.0000000	0.8333333	56.0000000	2.4166667	89.0000000	1.1666666	110.0000000	1.7500000	-100.0000000	-100.0000000
68.1999969	26.6650009	2.5576596	1.6827890	12295.0000000	12.0000000	0.6818182	44.0000000	3.8636363	105.0000000	0.4545455	-100.0000000	-100.0000000	-100.0000000	-100.0000000
65.7714310	25.9150009	2.5379674	1.7085768	12220.0000000	18.0000000	1.0526316	54.0000000	3.4736843	111.0000000	0.5263158	-100.0000000	-100.0000000	-100.0000000	-100.0000000
73.4285736	26.5000000	2.7708895	1.7617524	11972.0000000	19.0000000	1.3076923	56.0000000	5.7692308	117.0000000	2.0000000	-100.0000000	-100.0000000	-100.0000000	-100.0000000
59.8142853	23.0249996	2.5977974	1.7202736	12361.0000000	23.0000000	0.8571429	55.0000000	1.2857143	103.0000000	2.7142856	-100.0000000	-100.0000000	-100.0000000	-100.0000000
80.8000031	26.5949993	3.0381653	1.7635921	12000.0000000	20.0000000	0.5555556	58.0000000	3.5000000	90.0000000	0.5000000	116.0000000	0.6111111	-100.0000000	-100.0000000
64.5857162	23.4950008	2.7489130	1.5686861	12661.0000000	11.0000000	0.9166667	38.0000000	2.6041667	100.0000000	0.9791667	-100.0000000	-100.0000000	-100.0000000	-100.0000000
69.1285706	21.7649994	3.1761348	1.5841808	12616.0000000	14.0000000	0.8913044	39.0000000	2.9782608	90.0000000	1.0652174	-100.0000000	-100.0000000	-100.0000000	-100.0000000
71.3142853	23.2350006	3.0692611	1.7259209	12331.0000000	19.0000000	1.1111112	54.0000000	3.7777777	99.0000000	1.7777778	109.0000000	0.4444444	-100.0000000	-100.0000000
71.1428604	25.0100002	2.8445766	1.5930753	12524.0000000	17.0000000	1.2051282	43.0000000	3.3333333	102.0000000	1.4102564	-100.0000000	-100.0000000	-100.0000000	-100.0000000
66.5000000	24.7950001	2.6819923	1.6996950	12296.0000000	19.0000000	1.0526316	50.0000000	3.2631578	107.0000000	0.6315789	-100.0000000	-100.0000000	-100.0000000	-100.0000000
74.5571442	26.4449997	2.8193285	1.6842312	12167.0000000	21.0000000	0.6818182	54.0000000	4.4090910	114.0000000	0.8636364	-100.0000000	-100.0000000	-100.0000000	-100.0000000
66.7142868	24.3850002	2.7358739	1.6827935	12413.0000000	17.0000000	0.9615384	50.0000000	3.0769231	71.0000000	2.1153846	111.0000000	0.6538461	-100.0000000	-100.0000000
72.3428574	22.3299999	3.2397161	1.6232996	12589.0000000	16.0000000	0.9555556	44.0000000	2.6444445	99.0000000	1.0444444	-100.0000000	-100.0000000	-100.0000000	-100.0000000
65.7857132	22.4599991	2.9290168	1.5670842	12649.0000000	15.0000000	1.0000000	48.0000000	3.2558138	97.0000000	1.1162791	-100.0000000	-100.0000000	-100.0000000	-100.0000000
86.3428574	23.3449993	3.6985590	1.7161907	12157.0000000	18.0000000	0.9062500	47.0000000	3.0312500	57.0000000	0.1875000	-100.0000000	-100.0000000	-100.0000000	-100.0000000
76.5428543	25.4449997	3.0081687	1.7193165	11952.0000000	41.0000000	3.3214285	106.0000000	0.7500000	-100.0000000	-100.0000000	-100.0000000	-100.0000000	-100.0000000	-100.0000000
73.6571426	26.3899994	2.7911005	1.6972655	12232.0000000	21.0000000	0.9411765	54.0000000	2.5882354	120.0000000	0.8235294	-100.0000000	-100.0000000	-100.0000000	-100.0000000
84.6285706	23.8449993	3.5491118	1.7377092	12068.0000000	11.0000000	1.3600000	45.0000000	3.3599999	100.0000000	0.8400000	-100.0000000	-100.0000000	-100.0000000	-100.0000000
80.0285721	29.0000000	2.7596059	1.7459469	11932.0000000	19.0000000	0.5333334	56.0000000	2.8000000	119.0000000	1.2666667	-100.0000000	-100.0000000	-100.0000000	-100.0000000
79.1142883	28.6650009	2.7599611	1.6787695	12152.0000000	57.0000000	3.8518519	124.0000000	0.9629630	-100.0000000	-100.0000000	-100.0000000	-100.0000000	-100.0000000	-100.0000000
65.5571442	22.3850002	2.9286194	1.5762444	12613.0000000	15.0000000	1.2325581	41.0000000	2.4651163	91.0000000	1.1395348	-100.0000000	-100.0000000	-100.0000000	-100.0000000
