75.2714310	29.8250008	2.5237696	1.7041953	11983.0000000	27.0000000	0.8250000	68.0000000	2.1250000	-100.0000000	-100.0000000	-100.0000000	-100.0000000	-100.0000000	-100.0000000
68.9000015	24.9349995	2.7631843	1.7546539	12263.0000000	20.0000000	1.0000000	58.0000000	1.0000000	100.0000000	0.7000000	-100.0000000	-100.0000000	-100.0000000	-100.0000000
84.2857132	29.6499996	2.8426886	1.7427795	11821.0000000	24.0000000	1.3888888	65.0000000	3.1666667	99.0000000	1.0000000	-100.0000000	-100.0000000	-100.0000000	-100.0000000
72.6285706	22.0249996	3.2975514	1.5965179	12664.0000000	19.0000000	1.0000000	48.0000000	2.7884614	-100.0000000	-100.0000000	-100.0000000	-100.0000000	-100.0000000	-100.0000000
69.5714264	25.9799995	2.6778841	1.6457015	12322.0000000	19.0000000	1.1891892	60.0000000	3.0540540	84.0000000	1.7297298	-100.0000000	-100.0000000	-100.0000000	-100.0000000
85.1714249	29.0400009	2.9329002	1.7543193	11741.0000000	18.0000000	2.0769231	61.0000000	6.6923075	-100.0000000	-100.0000000	-100.0000000	-100.0000000	-100.0000000	-100.0000000
69.5857162	26.2900009	2.6468511	1.6481227	12274.0000000	22.0000000	1.0750000	62.0000000	2.5000000	84.0000000	1.4750000	-100.0000000	-100.0000000	-100.0000000	-100.0000000
60.9285698	23.8150005	2.5584114	1.7243439	12320.0000000	18.0000000	0.8888889	60.0000000	1.0000000	-100.0000000	-100.0000000	-100.0000000	-100.0000000	-100.0000000	-100.0000000
78.9571457	25.6599998	3.0770516	1.7068009	12153.0000000	16.0000000	1.0714285	59.0000000	3.3928571	-100.0000000	-100.0000000	-100.0000000	-100.0000000	-100.0000000	-100.0000000
73.0142822	23.1700001	3.1512423	1.6033674	12641.0000000	17.0000000	0.8281250	45.0000000	1.9375000	-100.0000000	-100.0000000	-100.0000000	-100.0000000	-100.0000000	-100.0000000
56.9571419	22.2250004	2.5627511	1.7157364	12418.0000000	20.0000000	1.0000000	59.0000000	1.2000000	-100.0000000	-100.0000000	-100.0000000	-100.0000000	-100.0000000	-100.0000000
68.9428558	23.4950008	2.9343629	1.5960786	12550.0000000	18.0000000	0.8166667	50.0000000	2.7166667	-100.0000000	-100.0000000	-100.0000000	-100.0000000	-100.0000000	-100.0000000
65.0428543	27.0699997	2.4027653	1.6736376	12291.0000000	20.0000000	1.0000000	61.0000000	2.4222221	-100.0000000	-100.0000000	-100.0000000	-100.0000000	-100.0000000	-100.0000000
83.9571457	26.6200008	3.1539123	1.6376299	12319.0000000	21.0000000	0.9069768	59.0000000	2.4651163	84.0000000	1.8837209	-100.0000000	-100.0000000	-100.0000000	-100.0000000
70.0714264	26.9950008	2.5957186	1.7366716	11988.0000000	6.0000000	1.2777778	14.0000000	0.6666667	44.0000000	3.5555556	90.0000000	1.5555556	-100.0000000	-100.0000000
68.4142838	25.7849998	2.6532590	1.6473457	12236.0000000	22.0000000	0.8846154	57.0000000	2.0769231	85.0000000	1.6538461	-100.0000000	-100.0000000	-100.0000000	-100.0000000
