90.0714264	29.7849998	3.0240533	1.7609608	11817.0000000	18.0000000	1.2222222	41.0000000	1.2222222	67.0000000	1.6666666	109.0000000	1.2222222	-100.0000000	-100.0000000
83.6142883	31.2350006	2.6769421	1.7651491	11508.0000000	22.0000000	5.5000000	44.0000000	1.7500000	65.0000000	6.7500000	110.0000000	1.6250000	-100.0000000	-100.0000000
95.6285706	26.4349995	3.6174984	1.6405417	12039.0000000	21.0000000	2.5230770	42.0000000	0.9076923	59.0000000	2.9076922	104.0000000	1.2153846	-100.0000000	-100.0000000
90.0000000	32.0149994	2.8111823	1.7035639	11776.0000000	49.0000000	1.1025641	73.0000000	3.5128205	126.0000000	1.1282052	-100.0000000	-100.0000000	-100.0000000	-100.0000000
104.6428604	29.3649998	3.5635233	1.7532287	11513.0000000	25.0000000	1.2200000	35.0000000	0.5200000	47.0000000	0.6200000	53.0000000	1.8400000	62.0000000	0.2000000
93.1857147	25.4899998	3.6557753	1.7632569	11779.0000000	17.0000000	2.0857143	33.0000000	0.9428571	52.0000000	2.6285715	93.0000000	1.5142857	-100.0000000	-100.0000000
88.2571411	30.8199997	2.8636322	1.7021935	11728.0000000	22.0000000	3.1578948	45.0000000	1.1578947	71.0000000	3.5789473	119.0000000	1.1842105	-100.0000000	-100.0000000
87.0857162	34.8100014	2.5017440	1.7654390	11360.0000000	24.0000000	1.4285715	46.0000000	0.8095238	77.0000000	2.1666667	130.0000000	0.5000000	-100.0000000	-100.0000000
97.0000000	31.0750008	3.1214802	1.7744658	11465.0000000	28.0000000	3.9047618	48.0000000	1.1904762	66.0000000	2.5714285	106.0000000	1.6666666	-100.0000000	-100.0000000
66.8428574	29.1250000	2.2950337	1.7436050	11805.0000000	23.0000000	3.1428571	49.0000000	0.8571429	70.0000000	2.4761906	116.0000000	1.5714285	-100.0000000	-100.0000000
98.5857162	26.5550003	3.7125103	1.6461955	12072.0000000	18.0000000	2.2564104	39.0000000	1.0384616	58.0000000	1.9102564	99.0000000	0.7948718	-100.0000000	-100.0000000
97.1142883	33.6150017	2.8890164	1.7359560	11479.0000000	28.0000000	4.7666669	55.0000000	1.0333333	80.0000000	4.1333332	124.0000000	0.9666666	-100.0000000	-100.0000000
78.9714279	28.4449997	2.7762852	1.7562308	11635.0000000	17.0000000	5.6875000	34.0000000	0.9375000	57.0000000	8.0000000	110.0000000	1.0625000	-100.0000000	-100.0000000
92.6857147	31.5699997	2.9358795	1.7068784	11678.0000000	22.0000000	3.0000000	47.0000000	0.8863636	62.0000000	3.0681818	119.0000000	1.0000000	-100.0000000	-100.0000000
101.5714264	33.1749992	3.0616858	1.7500690	11403.0000000	25.0000000	4.0000000	49.0000000	1.0370370	77.0000000	5.1111112	127.0000000	0.7407407	-100.0000000	-100.0000000
113.6999969	32.7150002	3.4754698	1.7621018	11442.0000000	19.0000000	2.6285715	44.0000000	0.7428572	62.0000000	2.8000000	114.0000000	1.0000000	-100.0000000	-100.0000000
82.3714294	31.8750000	2.5842018	1.7745930	11341.0000000	29.0000000	3.3333333	49.0000000	0.7407407	72.0000000	4.6666665	122.0000000	0.8888889	-100.0000000	-100.0000000
107.7428589	30.7199993	3.5072546	1.7804533	11355.0000000	21.0000000	2.5227273	42.0000000	0.9090909	54.0000000	0.5454546	61.0000000	2.5000000	97.0000000	0.4545455
109.2285690	28.8649998	3.7841182	1.6099998	12022.0000000	15.0000000	2.9523809	39.0000000	1.2380953	59.0000000	2.3968253	102.0000000	1.0158731	-100.0000000	-100.0000000
88.0285721	32.2299995	2.7312620	1.7713196	11474.0000000	19.0000000	1.9655173	35.0000000	1.2068965	47.0000000	0.6551724	67.0000000	1.8275862	104.0000000	1.4827586
