89.8285751	32.7949982	2.7390938	1.7565097	11370.0000000	18.0000000	7.8333335	42.0000000	1.0000000	63.0000000	6.8333335	74.0000000	7.3333335	100.0000000	2.0000000
92.8857117	35.2500000	2.6350555	1.6881492	11500.0000000	7.0000000	0.4893617	22.0000000	2.2127659	42.0000000	0.9148936	68.0000000	2.2765958	88.0000000	2.3191490
93.0999985	35.7449989	2.6045601	1.6965873	11485.0000000	23.0000000	2.5238094	40.0000000	0.5952381	47.0000000	0.8095238	71.0000000	2.7619047	92.0000000	2.7619047
97.2714310	32.6599998	2.9783046	1.7605749	11239.0000000	18.0000000	3.2222223	42.0000000	1.0370370	67.0000000	3.1481481	87.0000000	2.6296296	110.0000000	0.4444444
83.1857147	26.9650002	3.0849514	1.7530233	11950.0000000	21.0000000	1.1000000	38.0000000	0.7000000	60.0000000	0.8000000	78.0000000	0.8000000	88.0000000	0.7000000
105.2714310	35.4199982	2.9720902	1.7640947	11186.0000000	15.0000000	3.3333333	36.0000000	1.4285715	46.0000000	1.9523809	54.0000000	3.8571429	76.0000000	4.1904764
67.0571442	31.1949997	2.1496119	1.7229139	11612.0000000	26.0000000	2.7666667	53.0000000	0.9000000	75.0000000	1.5333333	94.0000000	1.9000000	122.0000000	0.6000000
96.7285690	34.3300018	2.8176103	1.7347412	11349.0000000	18.0000000	3.6400001	41.0000000	0.8000000	61.0000000	3.8800001	82.0000000	4.3200002	111.0000000	1.3200001
85.9857178	31.5599995	2.7245159	1.7306340	11583.0000000	14.0000000	3.3043478	55.0000000	3.2608695	73.0000000	3.3478260	90.0000000	1.2608696	116.0000000	3.0434783
80.1857147	31.8150005	2.5203745	1.7051622	11613.0000000	21.0000000	1.9318181	39.0000000	0.9545454	63.0000000	2.1818182	86.0000000	1.8409091	113.0000000	0.4772727
98.3285751	34.2500000	2.8709073	1.7567223	11361.0000000	13.0000000	2.9545455	43.0000000	1.2272727	54.0000000	3.6363637	72.0000000	4.0000000	106.0000000	0.4090909
82.5428543	31.7849998	2.5969121	1.7648143	11378.0000000	20.0000000	7.2666669	39.0000000	1.0000000	61.0000000	6.4666667	80.0000000	4.5333333	109.0000000	2.1333334
86.0714264	35.6800003	2.4123158	1.7511983	11320.0000000	26.0000000	2.3214285	48.0000000	1.4642857	74.0000000	2.9285715	99.0000000	1.6785715	126.0000000	1.0000000
82.0857162	37.7700005	2.1733046	1.7431387	11312.0000000	21.0000000	4.2142859	40.0000000	1.5714285	65.0000000	6.0000000	91.0000000	6.5714288	126.0000000	1.6428572
89.9428558	30.2500000	2.9733176	1.6295105	11915.0000000	15.0000000	2.2156863	39.0000000	1.1960784	54.0000000	2.7647059	73.0000000	2.7254901	93.0000000	0.9607843
96.9714279	36.9799995	2.6222668	1.8048723	10838.0000000	19.0000000	5.0000000	41.0000000	1.6428572	66.0000000	5.7142859	88.0000000	6.3571429	109.0000000	1.0714285
83.2571411	33.9949989	2.4490998	1.7581667	11235.0000000	18.0000000	3.4583333	43.0000000	0.7916667	65.0000000	3.5833333	80.0000000	4.0416665	103.0000000	1.0833334
85.5571442	33.2249985	2.5750835	1.7414258	11410.0000000	29.0000000	4.6875000	47.0000000	0.9375000	61.0000000	6.0625000	86.0000000	5.3750000	119.0000000	1.1875000
88.4000015	28.2700005	3.1269898	1.6110704	11978.0000000	12.0000000	2.3958333	33.0000000	1.2916666	48.0000000	2.5625000	73.0000000	2.5625000	93.0000000	1.2500000
85.5999985	33.0349998	2.5911911	1.6813985	11750.0000000	25.0000000	2.1162791	37.0000000	0.8604651	66.0000000	2.4418604	112.0000000	0.6744186	-100.0000000	-100.0000000
81.8714294	30.6149998	2.6742260	1.7057855	11555.0000000	20.0000000	2.2972972	42.0000000	0.9729730	65.0000000	2.7297297	84.0000000	2.5405405	109.0000000	0.6756757
84.0999985	29.7299995	2.8287926	1.6077439	12035.0000000	12.0000000	2.2641509	53.0000000	2.4150944	75.0000000	2.7169812	95.0000000	1.2830188	-100.0000000	-100.0000000
93.5857162	38.0400009	2.4601922	1.7048930	11260.0000000	23.0000000	2.6428571	55.0000000	1.0714285	67.0000000	2.4523809	96.0000000	2.5476191	119.0000000	0.5952381
93.6714249	29.5699997	3.1677859	1.7739667	11684.0000000	10.0000000	0.6000000	17.0000000	0.8000000	37.0000000	0.8000000	58.0000000	1.1000000	78.0000000	1.0000000
94.0857162	35.9799995	2.6149449	1.7021040	11426.0000000	5.0000000	0.4750000	24.0000000	2.8750000	49.0000000	0.9250000	69.0000000	2.5000000	89.0000000	2.7750001
