91.9428558	29.0550003	3.1644418	1.7369223	11843.0000000	25.0000000	3.9285715	60.0000000	1.3928572	106.0000000	1.6071428	-100.0000000	-100.0000000	-100.0000000	-100.0000000
82.0999985	24.8700008	3.3011658	1.7002220	12127.0000000	19.0000000	5.4400001	50.0000000	0.8800000	93.0000000	1.0800000	-100.0000000	-100.0000000	-100.0000000	-100.0000000
89.1571426	27.3600006	3.2586675	1.7672205	11843.0000000	26.0000000	4.0000000	47.0000000	1.1538461	93.0000000	1.1538461	-100.0000000	-100.0000000	-100.0000000	-100.0000000
90.8000031	23.6800003	3.8344595	1.7672976	12019.0000000	22.0000000	1.2000000	47.0000000	1.2000000	94.0000000	1.1000000	-100.0000000	-100.0000000	-100.0000000	-100.0000000
101.8571396	24.1800003	4.2124538	1.5918691	12460.0000000	22.0000000	1.8620690	48.0000000	0.9655172	84.0000000	0.8390805	-100.0000000	-100.0000000	-100.0000000	-100.0000000
94.3714294	26.9500008	3.5017228	1.7039701	11886.0000000	19.0000000	2.9749999	46.0000000	0.8250000	71.0000000	4.6250000	95.0000000	0.7250000	-100.0000000	-100.0000000
119.8571396	28.6599998	4.1820354	1.7614009	11656.0000000	38.0000000	0.5275590	78.0000000	0.4566929	-100.0000000	-100.0000000	-100.0000000	-100.0000000	-100.0000000	-100.0000000
97.1857147	26.2849998	3.6973832	1.7654482	11964.0000000	24.0000000	2.6956522	43.0000000	1.1739130	90.0000000	1.5652174	-100.0000000	-100.0000000	-100.0000000	-100.0000000
98.0714264	29.3700008	3.3391700	1.7572001	11645.0000000	32.0000000	5.0000000	58.0000000	0.8214286	102.0000000	0.6428571	-100.0000000	-100.0000000	-100.0000000	-100.0000000
112.7571411	27.0400009	4.1700125	1.7786399	11659.0000000	23.0000000	6.9473686	43.0000000	1.1052631	70.0000000	7.2631578	96.0000000	1.3684211	-100.0000000	-100.0000000
81.5857162	24.7000008	3.3030653	1.6880955	12072.0000000	26.0000000	2.8039215	54.0000000	0.9411765	100.0000000	0.8431373	-100.0000000	-100.0000000	-100.0000000	-100.0000000
101.0428543	30.3199997	3.3325479	1.7586248	11359.0000000	25.0000000	4.8000002	37.0000000	2.3499999	41.0000000	1.3000000	77.0000000	11.5000000	97.0000000	2.0500000
93.3000031	24.1749992	3.8593590	1.7673585	11926.0000000	19.0000000	1.7428571	43.0000000	0.9714286	88.0000000	0.7714286	-100.0000000	-100.0000000	-100.0000000	-100.0000000
80.2285690	29.6800003	2.7031188	1.7017410	11984.0000000	22.0000000	4.5000000	52.0000000	1.3461539	101.0000000	1.1538461	-100.0000000	-100.0000000	-100.0000000	-100.0000000
105.8428574	24.8250008	4.2635589	1.6088769	12410.0000000	16.0000000	2.7222223	48.0000000	0.9861111	86.0000000	0.9444444	-100.0000000	-100.0000000	-100.0000000	-100.0000000
90.2714310	25.0450001	3.6043694	1.7830129	12093.0000000	24.0000000	1.0000000	49.0000000	1.1428572	98.0000000	0.8571429	-100.0000000	-100.0000000	-100.0000000	-100.0000000
100.4714279	28.0149994	3.5863440	1.7370958	11854.0000000	28.0000000	2.4871795	44.0000000	0.6923077	49.0000000	0.7435898	89.0000000	0.9743590	-100.0000000	-100.0000000
102.3714294	28.3950005	3.6052625	1.7711080	11570.0000000	24.0000000	5.3636365	48.0000000	1.0000000	100.0000000	1.4545455	-100.0000000	-100.0000000	-100.0000000	-100.0000000
104.0714264	23.4850006	4.4313998	1.6178666	12458.0000000	22.0000000	2.8064516	42.0000000	1.2580645	82.0000000	1.1612903	-100.0000000	-100.0000000	-100.0000000	-100.0000000
