87.2714310	28.9899998	3.0103977	1.6100069	12254.0000000	20.0000000	2.4444444	42.0000000	0.9841270	80.0000000	0.8253968	122.0000000	1.1269841	-100.0000000	-100.0000000
77.8142853	24.1650009	3.2201235	1.7412784	12218.0000000	19.0000000	1.0000000	36.0000000	1.4285715	73.0000000	1.4285715	-100.0000000	-100.0000000	-100.0000000	-100.0000000
102.0285721	27.6200008	3.6940105	1.7285491	11898.0000000	22.0000000	3.0344827	48.0000000	0.6896552	82.0000000	0.7586207	106.0000000	0.4827586	-100.0000000	-100.0000000
90.2571411	27.1200008	3.3280656	1.7858764	11773.0000000	18.0000000	6.0000000	41.0000000	1.7272727	78.0000000	2.4545455	111.0000000	1.3636364	-100.0000000	-100.0000000
90.4714279	29.5849991	3.0580170	1.7290215	11936.0000000	14.0000000	3.1904762	34.0000000	1.3333334	55.0000000	1.8095238	62.0000000	0.9523810	68.0000000	1.1428572
95.9142838	30.1350002	3.1828201	1.7092917	11898.0000000	24.0000000	4.7500000	47.0000000	0.7500000	87.0000000	1.1250000	124.0000000	1.0416666	-100.0000000	-100.0000000
67.8857117	28.6450005	2.3698974	1.7367653	11916.0000000	21.0000000	3.0555556	43.0000000	1.3888888	90.0000000	0.8888889	131.0000000	0.6666667	-100.0000000	-100.0000000
77.0000000	28.5149994	2.7003331	1.7509239	11752.0000000	21.0000000	3.0666666	44.0000000	2.3333333	90.0000000	1.6666666	128.0000000	2.0000000	-100.0000000	-100.0000000
75.4142838	25.5200005	2.9551051	1.7670821	12170.0000000	20.0000000	1.1428572	38.0000000	1.1428572	78.0000000	1.1428572	-100.0000000	-100.0000000	-100.0000000	-100.0000000
95.7571411	29.2150002	3.2776704	1.7469045	11968.0000000	21.0000000	3.0344827	42.0000000	0.7931035	76.0000000	0.8275862	110.0000000	0.4827586	-100.0000000	-100.0000000
76.3571396	25.1900005	3.0312481	1.7798885	12131.0000000	22.0000000	1.0000000	42.0000000	1.1250000	80.0000000	1.1250000	98.0000000	3.7500000	-100.0000000	-100.0000000
79.4571457	32.6500015	2.4336030	1.7423477	11612.0000000	23.0000000	2.7692308	46.0000000	0.6538461	86.0000000	0.8846154	137.0000000	0.8846154	-100.0000000	-100.0000000
99.1714249	29.6000004	3.3503859	1.7398262	11738.0000000	25.0000000	3.1851852	45.0000000	1.0740740	68.0000000	2.3703704	79.0000000	0.8888889	118.0000000	0.4074074
88.5285721	30.1450005	2.9367580	1.7053394	11898.0000000	22.0000000	4.3333335	45.0000000	0.8888889	88.0000000	0.5925926	127.0000000	0.8888889	-100.0000000	-100.0000000
93.7285690	26.4099998	3.5489802	1.7459455	11798.0000000	13.0000000	2.1463416	23.0000000	0.5609756	33.0000000	0.6341463	65.0000000	0.6829268	87.0000000	0.4146341
81.5142822	31.5100002	2.5869336	1.7744900	11470.0000000	22.0000000	8.5555553	39.0000000	2.2222223	43.0000000	1.8888888	86.0000000	3.0000000	118.0000000	3.8888888
76.0000000	26.7299995	2.8432474	1.7235670	12003.0000000	18.0000000	5.7058825	39.0000000	0.5294118	78.0000000	1.2941177	109.0000000	1.1176471	-100.0000000	-100.0000000
98.2714310	29.2950001	3.3545463	1.7274793	11893.0000000	22.0000000	3.8499999	32.0000000	1.6000000	36.0000000	1.1000000	75.0000000	1.4000000	114.0000000	0.6500000
104.2142868	27.2199993	3.8285925	1.7548900	12001.0000000	20.0000000	2.9230769	41.0000000	0.9615384	78.0000000	1.0000000	113.0000000	0.3076923	-100.0000000	-100.0000000
80.8285751	27.1250000	2.9798553	1.5934210	12454.0000000	20.0000000	2.2258065	40.0000000	0.8709677	78.0000000	0.9677419	113.0000000	1.0000000	-100.0000000	-100.0000000
84.3142853	25.7800007	3.2705307	1.7424185	12092.0000000	20.0000000	1.3333334	43.0000000	1.1111112	82.0000000	1.1111112	89.0000000	0.7777778	-100.0000000	-100.0000000
87.2285690	31.0550003	2.8088415	1.6659380	12197.0000000	51.0000000	1.0000000	87.0000000	0.9767442	132.0000000	0.6744186	-100.0000000	-100.0000000	-100.0000000	-100.0000000
73.8142853	26.6900005	2.7656157	1.7149888	11965.0000000	22.0000000	3.1428571	46.0000000	0.9523810	86.0000000	1.0000000	126.0000000	1.2857143	-100.0000000	-100.0000000
93.1714249	30.2800007	3.0769954	1.7217693	11934.0000000	24.0000000	2.6666667	42.0000000	0.8000000	79.0000000	0.9333333	131.0000000	0.4000000	-100.0000000	-100.0000000
89.4714279	30.6800003	2.9162786	1.6964570	11986.0000000	27.0000000	3.1538463	43.0000000	0.9230769	88.0000000	0.9615384	123.0000000	1.3461539	-100.0000000	-100.0000000
96.6999969	27.9300003	3.4622269	1.7260188	11880.0000000	22.0000000	3.5909090	37.0000000	1.1363636	77.0000000	1.3181819	114.0000000	0.5909091	-100.0000000	-100.0000000
66.4000015	24.6499996	2.6937120	1.7578439	12045.0000000	22.0000000	1.2500000	40.0000000	1.2500000	60.0000000	3.0000000	78.0000000	1.1250000	-100.0000000	-100.0000000
85.2571411	27.8299999	3.0634978	1.6910965	12149.0000000	11.0000000	4.7058825	36.0000000	1.0588236	70.0000000	1.2941177	101.0000000	1.5882353	-100.0000000	-100.0000000
