95.2571411	30.0650005	3.1683731	1.6882482	11852.0000000	18.0000000	3.2432432	55.0000000	1.0270270	95.0000000	1.1891892	118.0000000	2.6486487	-100.0000000	-100.0000000
114.5999985	29.2649994	3.9159405	1.7742069	11594.0000000	21.0000000	1.5263158	34.0000000	0.7017544	74.0000000	0.7192982	-100.0000000	-100.0000000	-100.0000000	-100.0000000
94.3857117	29.8400002	3.1630599	1.7343036	11659.0000000	24.0000000	3.7931035	57.0000000	1.1724138	101.0000000	1.2068965	-100.0000000	-100.0000000	-100.0000000	-100.0000000
88.9000015	29.7350006	2.9897428	1.7141594	11953.0000000	16.0000000	4.8095236	40.0000000	0.6666667	77.0000000	0.7619048	-100.0000000	-100.0000000	-100.0000000	-100.0000000
98.9571457	26.3449993	3.7562022	1.7405773	11864.0000000	27.0000000	2.3142858	46.0000000	0.7428572	81.0000000	0.7428572	-100.0000000	-100.0000000	-100.0000000	-100.0000000
100.9428558	32.1899986	3.1358452	1.7034808	11753.0000000	9.0000000	0.5714286	56.0000000	1.0952381	65.0000000	0.5000000	92.0000000	1.1190476	105.0000000	0.5238096
114.4714279	30.3799992	3.7679865	1.7153502	11643.0000000	21.0000000	5.9047618	48.0000000	1.3809524	72.0000000	8.9523811	93.0000000	1.2857143	-100.0000000	-100.0000000
82.7857132	26.4050007	3.1352286	1.7592735	11900.0000000	16.0000000	0.8888889	38.0000000	0.6666667	81.0000000	0.8888889	-100.0000000	-100.0000000	-100.0000000	-100.0000000
77.8428574	28.0949993	2.7707014	1.7601256	11933.0000000	24.0000000	1.0000000	47.0000000	0.7272727	70.0000000	2.8181818	89.0000000	1.0000000	-100.0000000	-100.0000000
98.4857178	30.1949997	3.2616565	1.7206951	11884.0000000	14.0000000	5.8947368	40.0000000	1.3157895	79.0000000	1.5263158	-100.0000000	-100.0000000	-100.0000000	-100.0000000
99.5000000	28.9549999	3.4363668	1.6954136	11792.0000000	5.0000000	0.5000000	22.0000000	3.0000000	46.0000000	0.8409091	88.0000000	1.0227273	104.0000000	1.7045455
104.6285706	29.0000000	3.6078818	1.6805737	11871.0000000	15.0000000	3.5945945	40.0000000	0.4864865	44.0000000	1.0810810	85.0000000	1.1621622	114.0000000	2.3513513
